      MDL_CTGRE = 1.000000D-11
      MDL_CJJ31 = 7.100000D-11
      MDL_CQJ11 = 1.700000D-11
      MDL_CQJ18 = 1.500000D-11
      MDL_CQJ31 = 1.800000D-11
      MDL_CQJ38 = 1.600000D-11
      MDL_CQQ8 = 1.000000D-10
      MDL_CTU1 = 2.600000D-11
      MDL_CTD1 = 2.700000D-11
      MDL_CTD8 = 2.200000D-11
      MDL_CQU1 = 2.800000D-11
      MDL_CQU8 = 2.400000D-11
      MDL_CTJ1 = 7.300000D-11
      MDL_CTJ8 = 7.200000D-11
      MDL_CQT1 = 1.000000D-10
      MDL_CQT8 = 1.000000D-10
      MDL_CQD1 = 2.900000D-11
      MDL_CQD8 = 2.500000D-11
      MDL_LAMBDASMEFT = 1.000000D+03
      MDL_MW = 8.038700D+01
      MDL_GF = 1.166379D-05
      AS = 1.179000D-01
      MDL_YMB = 4.180000D+00
      MDL_YMT = 1.727600D+02
      MDL_MZ = 9.118760D+01
      MDL_MT = 1.727600D+02
      MDL_MB = 4.180000D+00
      MDL_MH = 1.250900D+02
      MDL_WZ = 2.495200D+00
      MDL_WW = 2.085000D+00
      MDL_WT = 1.330000D+00
      MDL_WH = 4.070000D-03
